 2.43000e-006         1.0000000
 3.63000e-006         1.0471285
 5.31000e-006         1.0964782
 7.69000e-006         1.1481536
 1.11000e-005         1.2022644
 1.59000e-005         1.2589254
 2.29000e-005         1.3182567
 3.30000e-005         1.3803843
 4.74000e-005         1.4454398
 6.80000e-005         1.5135612
 9.68000e-005         1.5848931
  0.000136000         1.6595869
  0.000188000         1.7378008
  0.000253000         1.8197008
  0.000333000         1.9054607
  0.000429000         1.9952622
  0.000543000         2.0892961
  0.000678000         2.1877616
  0.000839000         2.2908676
   0.00103000         2.3988329
   0.00126000         2.5118863
   0.00153000         2.6302679
   0.00184000         2.7542287
   0.00221000         2.8840314
   0.00263000         3.0199516
   0.00310000         3.1622777
   0.00363000         3.3113111
   0.00422000         3.4673682
   0.00489000         3.6307806
   0.00562000         3.8018938
   0.00645000         3.9810714
   0.00736000         4.1686939
   0.00838000         4.3651582
   0.00951000         4.5708815
    0.0108000         4.7863010
    0.0122000         5.0118722
    0.0137000         5.2480742
    0.0154000         5.4954089
    0.0174000         5.7543992
    0.0195000         6.0255955
    0.0219000         6.3095728
    0.0245000         6.6069344
    0.0273000         6.9183093
    0.0305000         7.2443588
    0.0340000         7.5857757
    0.0378000         7.9432819
    0.0419000         8.3176369
    0.0465000         8.7096359
    0.0514000         9.1201079
    0.0569000         9.5499250
    0.0630000         10.000000
    0.0697000         10.471285
    0.0772000         10.964781
    0.0857000         11.481535
    0.0953000         12.022642
     0.106000         12.589255
     0.118000         13.182568
     0.132000         13.803842
     0.147000         14.454397
     0.163000         15.135611
     0.180000         15.848929
     0.198000         16.595870
     0.217000         17.378009
     0.236000         18.197008
     0.256000         19.054606
     0.276000         19.952621
     0.296000         20.892958
     0.315000         21.877612
     0.335000         22.908677
     0.354000         23.988329
     0.372000         25.118863
     0.390000         26.302677
     0.408000         27.542283
     0.425000         28.840310
     0.442000         30.199519
     0.458000         31.622777
     0.473000         33.113111
     0.488000         34.673682
     0.502000         36.307801
     0.516000         38.018933
     0.529000         39.810708
     0.541000         41.686939
     0.553000         43.651582
     0.564000         45.708815
     0.575000         47.863003
     0.586000         50.118715
     0.596000         52.480735
     0.605000         54.954089
     0.614000         57.543992
     0.623000         60.255955
     0.631000         63.095728
     0.639000         66.069335
     0.646000         69.183083
     0.653000         72.443598
     0.660000         75.857757
     0.666000         79.432819
     0.672000         83.176369
     0.678000         87.096347
     0.684000         91.201067
     0.689000         95.499237
     0.694000         100.00000
