 2.25000e-006         1.0000000
 3.35000e-006         1.0471285
 4.91000e-006         1.0964782
 7.10000e-006         1.1481536
 1.02000e-005         1.2022644
 1.48000e-005         1.2589254
 2.13000e-005         1.3182567
 3.07000e-005         1.3803843
 4.42000e-005         1.4454398
 6.35000e-005         1.5135612
 9.04000e-005         1.5848931
  0.000127000         1.6595869
  0.000175000         1.7378008
  0.000236000         1.8197008
  0.000312000         1.9054607
  0.000402000         1.9952622
  0.000510000         2.0892961
  0.000639000         2.1877616
  0.000792000         2.2908676
  0.000976000         2.3988329
   0.00120000         2.5118863
   0.00146000         2.6302679
   0.00176000         2.7542287
   0.00212000         2.8840314
   0.00253000         3.0199516
   0.00299000         3.1622777
   0.00351000         3.3113111
   0.00409000         3.4673682
   0.00474000         3.6307806
   0.00547000         3.8018938
   0.00628000         3.9810714
   0.00719000         4.1686939
   0.00819000         4.3651582
   0.00931000         4.5708815
    0.0106000         4.7863010
    0.0119000         5.0118722
    0.0135000         5.2480742
    0.0152000         5.4954089
    0.0171000         5.7543992
    0.0192000         6.0255955
    0.0216000         6.3095728
    0.0242000         6.6069344
    0.0270000         6.9183093
    0.0302000         7.2443588
    0.0336000         7.5857757
    0.0374000         7.9432819
    0.0416000         8.3176369
    0.0461000         8.7096359
    0.0511000         9.1201079
    0.0566000         9.5499250
    0.0626000         10.000000
    0.0693000         10.471285
    0.0769000         10.964781
    0.0853000         11.481535
    0.0950000         12.022642
     0.106000         12.589255
     0.118000         13.182568
     0.132000         13.803842
     0.147000         14.454397
     0.163000         15.135611
     0.180000         15.848929
     0.198000         16.595870
     0.217000         17.378009
     0.236000         18.197008
     0.255000         19.054606
     0.275000         19.952621
     0.295000         20.892958
     0.314000         21.877612
     0.333000         22.908677
     0.352000         23.988329
     0.371000         25.118863
     0.389000         26.302677
     0.406000         27.542283
     0.423000         28.840310
     0.439000         30.199519
     0.455000         31.622777
     0.470000         33.113111
     0.485000         34.673682
     0.499000         36.307801
     0.513000         38.018933
     0.525000         39.810708
     0.538000         41.686939
     0.550000         43.651582
     0.561000         45.708815
     0.572000         47.863003
     0.582000         50.118715
     0.592000         52.480735
     0.601000         54.954089
     0.610000         57.543992
     0.619000         60.255955
     0.627000         63.095728
     0.634000         66.069335
     0.642000         69.183083
     0.649000         72.443598
     0.655000         75.857757
     0.662000         79.432819
     0.668000         83.176369
     0.674000         87.096347
     0.679000         91.201067
     0.684000         95.499237
     0.690000         100.00000
