       1.0000000    6.48000e-005
       1.0471285     0.000119000
       1.0964782     0.000215000
       1.1481536     0.000377000
       1.2022644     0.000645000
       1.2589254      0.00107000
       1.3182567      0.00172000
       1.3803843      0.00271000
       1.4454398      0.00416000
       1.5135612      0.00628000
       1.5848931      0.00933000
       1.6595869       0.0137000
       1.7378008       0.0199000
       1.8197008       0.0285000
       1.9054607       0.0405000
       1.9952622       0.0568000
       2.0892961       0.0788000
       2.1877616        0.108000
       2.2908676        0.145000
       2.3988329        0.193000
       2.5118863        0.253000
       2.6302679        0.326000
       2.7542287        0.416000
       2.8840314        0.524000
       3.0199516        0.653000
       3.1622777        0.805000
       3.3113111        0.985000
       3.4673682         1.19000
       3.6307806         1.44000
       3.8018938         1.72000
       3.9810714         2.04000
       4.1686939         2.40000
       4.3651582         2.81000
       4.5708815         3.26000
       4.7863010         3.77000
       5.0118722         4.33000
       5.2480742         4.95000
       5.4954089         5.62000
       5.7543992         6.34000
       6.0255955         7.12000
       6.3095728         7.94000
       6.6069344         8.82000
       6.9183093         9.73000
       7.2443588         10.7000
       7.5857757         11.7000
       7.9432819         12.7000
       8.3176369         13.7000
       8.7096359         14.8000
       9.1201079         15.9000
       9.5499250         17.0000
       10.000000         18.1000
       10.471285         19.2000
       10.964781         20.3000
       11.481535         21.4000
       12.022642         22.4000
       12.589255         23.4000
       13.182568         24.4000
       13.803842         25.3000
       14.454397         26.1000
       15.135611         27.0000
       15.848929         27.8000
       16.595870         28.6000
       17.378009         29.4000
       18.197008         30.2000
       19.054606         31.1000
       19.952621         32.0000
       20.892958         33.0000
       21.877612         34.0000
       22.908677         35.1000
       23.988329         36.2000
       25.118863         37.4000
       26.302677         38.7000
       27.542283         40.0000
       28.840310         41.4000
       30.199519         42.8000
       31.622777         44.2000
       33.113111         45.7000
       34.673682         47.3000
       36.307801         48.8000
       38.018933         50.4000
       39.810708         52.0000
       41.686939         53.5000
       43.651582         55.1000
       45.708815         56.7000
       47.863003         58.3000
       50.118715         59.8000
       52.480735         61.3000
       54.954089         62.7000
       57.543992         64.1000
       60.255955         65.4000
       63.095728         66.7000
       66.069335         67.9000
       69.183083         69.0000
       72.443598         70.1000
       75.857757         71.1000
       79.432819         72.0000
       83.176369         72.8000
       87.096347         73.5000
       91.201067         74.2000
       95.499237         74.8000
       100.00000         75.3000
