       1.0000000    5.27000e-005
       1.0471285    9.82000e-005
       1.0964782     0.000179000
       1.1481536     0.000319000
       1.2022644     0.000550000
       1.2589254     0.000919000
       1.3182567      0.00149000
       1.3803843      0.00236000
       1.4454398      0.00364000
       1.5135612      0.00552000
       1.5848931      0.00825000
       1.6595869       0.0122000
       1.7378008       0.0177000
       1.8197008       0.0256000
       1.9054607       0.0365000
       1.9952622       0.0515000
       2.0892961       0.0716000
       2.1877616       0.0983000
       2.2908676        0.133000
       2.3988329        0.177000
       2.5118863        0.232000
       2.6302679        0.301000
       2.7542287        0.384000
       2.8840314        0.485000
       3.0199516        0.606000
       3.1622777        0.749000
       3.3113111        0.918000
       3.4673682         1.12000
       3.6307806         1.34000
       3.8018938         1.61000
       3.9810714         1.91000
       4.1686939         2.26000
       4.3651582         2.65000
       4.5708815         3.08000
       4.7863010         3.57000
       5.0118722         4.11000
       5.2480742         4.70000
       5.4954089         5.34000
       5.7543992         6.04000
       6.0255955         6.79000
       6.3095728         7.59000
       6.6069344         8.44000
       6.9183093         9.33000
       7.2443588         10.3000
       7.5857757         11.2000
       7.9432819         12.2000
       8.3176369         13.2000
       8.7096359         14.3000
       9.1201079         15.4000
       9.5499250         16.4000
       10.000000         17.5000
       10.471285         18.6000
       10.964781         19.7000
       11.481535         20.8000
       12.022642         21.9000
       12.589255         22.9000
       13.182568         23.9000
       13.803842         24.8000
       14.454397         25.7000
       15.135611         26.6000
       15.848929         27.4000
       16.595870         28.3000
       17.378009         29.1000
       18.197008         30.0000
       19.054606         30.9000
       19.952621         31.9000
       20.892958         32.9000
       21.877612         34.0000
       22.908677         35.1000
       23.988329         36.3000
       25.118863         37.5000
       26.302677         38.8000
       27.542283         40.2000
       28.840310         41.6000
       30.199519         43.0000
       31.622777         44.5000
       33.113111         46.1000
       34.673682         47.7000
       36.307801         49.2000
       38.018933         50.9000
       39.810708         52.5000
       41.686939         54.1000
       43.651582         55.7000
       45.708815         57.3000
       47.863003         58.9000
       50.118715         60.5000
       52.480735         62.0000
       54.954089         63.5000
       57.543992         64.9000
       60.255955         66.3000
       63.095728         67.6000
       66.069335         68.9000
       69.183083         70.0000
       72.443598         71.1000
       75.857757         72.1000
       79.432819         73.0000
       83.176369         73.9000
       87.096347         74.6000
       91.201067         75.3000
       95.499237         75.9000
       100.00000         76.5000
