       1.0000000    6.83000e-005
       1.0471285     0.000125000
       1.0964782     0.000225000
       1.1481536     0.000395000
       1.2022644     0.000673000
       1.2589254      0.00111000
       1.3182567      0.00179000
       1.3803843      0.00281000
       1.4454398      0.00432000
       1.5135612      0.00650000
       1.5848931      0.00965000
       1.6595869       0.0141000
       1.7378008       0.0205000
       1.8197008       0.0294000
       1.9054607       0.0417000
       1.9952622       0.0584000
       2.0892961       0.0809000
       2.1877616        0.111000
       2.2908676        0.149000
       2.3988329        0.198000
       2.5118863        0.259000
       2.6302679        0.334000
       2.7542287        0.425000
       2.8840314        0.535000
       3.0199516        0.667000
       3.1622777        0.822000
       3.3113111         1.00000
       3.4673682         1.22000
       3.6307806         1.46000
       3.8018938         1.75000
       3.9810714         2.07000
       4.1686939         2.44000
       4.3651582         2.85000
       4.5708815         3.32000
       4.7863010         3.83000
       5.0118722         4.40000
       5.2480742         5.02000
       5.4954089         5.70000
       5.7543992         6.43000
       6.0255955         7.21000
       6.3095728         8.04000
       6.6069344         8.92000
       6.9183093         9.85000
       7.2443588         10.8000
       7.5857757         11.8000
       7.9432819         12.8000
       8.3176369         13.9000
       8.7096359         14.9000
       9.1201079         16.0000
       9.5499250         17.1000
       10.000000         18.2000
       10.471285         19.3000
       10.964781         20.4000
       11.481535         21.5000
       12.022642         22.6000
       12.589255         23.6000
       13.182568         24.5000
       13.803842         25.4000
       14.454397         26.3000
       15.135611         27.1000
       15.848929         27.9000
       16.595870         28.7000
       17.378009         29.5000
       18.197008         30.3000
       19.054606         31.2000
       19.952621         32.1000
       20.892958         33.0000
       21.877612         34.0000
       22.908677         35.1000
       23.988329         36.2000
       25.118863         37.4000
       26.302677         38.7000
       27.542283         40.0000
       28.840310         41.3000
       30.199519         42.7000
       31.622777         44.2000
       33.113111         45.6000
       34.673682         47.2000
       36.307801         48.7000
       38.018933         50.3000
       39.810708         51.8000
       41.686939         53.4000
       43.651582         55.0000
       45.708815         56.5000
       47.863003         58.1000
       50.118715         59.6000
       52.480735         61.1000
       54.954089         62.5000
       57.543992         63.9000
       60.255955         65.2000
       63.095728         66.5000
       66.069335         67.7000
       69.183083         68.8000
       72.443598         69.8000
       75.857757         70.8000
       79.432819         71.7000
       83.176369         72.5000
       87.096347         73.2000
       91.201067         73.9000
       95.499237         74.5000
       100.00000         75.0000
