 2.47000e-006         1.0000000
 3.66000e-006         1.0471285
 5.34000e-006         1.0964782
 7.70000e-006         1.1481536
 1.11000e-005         1.2022644
 1.59000e-005         1.2589254
 2.28000e-005         1.3182567
 3.28000e-005         1.3803843
 4.71000e-005         1.4454398
 6.75000e-005         1.5135612
 9.61000e-005         1.5848931
  0.000135000         1.6595869
  0.000186000         1.7378008
  0.000250000         1.8197008
  0.000328000         1.9054607
  0.000423000         1.9952622
  0.000535000         2.0892961
  0.000669000         2.1877616
  0.000828000         2.2908676
   0.00102000         2.3988329
   0.00125000         2.5118863
   0.00151000         2.6302679
   0.00183000         2.7542287
   0.00220000         2.8840314
   0.00261000         3.0199516
   0.00309000         3.1622777
   0.00362000         3.3113111
   0.00421000         3.4673682
   0.00488000         3.6307806
   0.00562000         3.8018938
   0.00645000         3.9810714
   0.00737000         4.1686939
   0.00839000         4.3651582
   0.00953000         4.5708815
    0.0108000         4.7863010
    0.0122000         5.0118722
    0.0138000         5.2480742
    0.0155000         5.4954089
    0.0174000         5.7543992
    0.0196000         6.0255955
    0.0219000         6.3095728
    0.0246000         6.6069344
    0.0275000         6.9183093
    0.0306000         7.2443588
    0.0341000         7.5857757
    0.0379000         7.9432819
    0.0421000         8.3176369
    0.0467000         8.7096359
    0.0517000         9.1201079
    0.0572000         9.5499250
    0.0632000         10.000000
    0.0700000         10.471285
    0.0775000         10.964781
    0.0861000         11.481535
    0.0957000         12.022642
     0.107000         12.589255
     0.119000         13.182568
     0.132000         13.803842
     0.147000         14.454397
     0.164000         15.135611
     0.181000         15.848929
     0.199000         16.595870
     0.217000         17.378009
     0.236000         18.197008
     0.256000         19.054606
     0.275000         19.952621
     0.295000         20.892958
     0.314000         21.877612
     0.333000         22.908677
     0.352000         23.988329
     0.370000         25.118863
     0.388000         26.302677
     0.406000         27.542283
     0.422000         28.840310
     0.439000         30.199519
     0.454000         31.622777
     0.469000         33.113111
     0.484000         34.673682
     0.498000         36.307801
     0.511000         38.018933
     0.524000         39.810708
     0.536000         41.686939
     0.548000         43.651582
     0.559000         45.708815
     0.570000         47.863003
     0.580000         50.118715
     0.590000         52.480735
     0.599000         54.954089
     0.608000         57.543992
     0.616000         60.255955
     0.624000         63.095728
     0.632000         66.069335
     0.639000         69.183083
     0.646000         72.443598
     0.653000         75.857757
     0.659000         79.432819
     0.665000         83.176369
     0.671000         87.096347
     0.676000         91.201067
     0.682000         95.499237
     0.687000         100.00000
