 1.81000e-006         1.0000000
 2.77000e-006         1.0471285
 4.15000e-006         1.0964782
 6.12000e-006         1.1481536
 8.97000e-006         1.2022644
 1.31000e-005         1.2589254
 1.91000e-005         1.3182567
 2.78000e-005         1.3803843
 4.03000e-005         1.4454398
 5.83000e-005         1.5135612
 8.36000e-005         1.5848931
  0.000118000         1.6595869
  0.000164000         1.7378008
  0.000222000         1.8197008
  0.000295000         1.9054607
  0.000382000         1.9952622
  0.000486000         2.0892961
  0.000611000         2.1877616
  0.000760000         2.2908676
  0.000938000         2.3988329
   0.00115000         2.5118863
   0.00141000         2.6302679
   0.00170000         2.7542287
   0.00205000         2.8840314
   0.00245000         3.0199516
   0.00290000         3.1622777
   0.00341000         3.3113111
   0.00397000         3.4673682
   0.00461000         3.6307806
   0.00532000         3.8018938
   0.00611000         3.9810714
   0.00700000         4.1686939
   0.00798000         4.3651582
   0.00908000         4.5708815
    0.0103000         4.7863010
    0.0116000         5.0118722
    0.0132000         5.2480742
    0.0148000         5.4954089
    0.0167000         5.7543992
    0.0188000         6.0255955
    0.0211000         6.3095728
    0.0237000         6.6069344
    0.0265000         6.9183093
    0.0296000         7.2443588
    0.0330000         7.5857757
    0.0367000         7.9432819
    0.0408000         8.3176369
    0.0453000         8.7096359
    0.0502000         9.1201079
    0.0556000         9.5499250
    0.0616000         10.000000
    0.0682000         10.471285
    0.0757000         10.964781
    0.0841000         11.481535
    0.0936000         12.022642
     0.104000         12.589255
     0.117000         13.182568
     0.130000         13.803842
     0.145000         14.454397
     0.162000         15.135611
     0.179000         15.848929
     0.197000         16.595870
     0.216000         17.378009
     0.235000         18.197008
     0.255000         19.054606
     0.275000         19.952621
     0.295000         20.892958
     0.315000         21.877612
     0.335000         22.908677
     0.354000         23.988329
     0.373000         25.118863
     0.391000         26.302677
     0.409000         27.542283
     0.427000         28.840310
     0.443000         30.199519
     0.460000         31.622777
     0.475000         33.113111
     0.490000         34.673682
     0.505000         36.307801
     0.518000         38.018933
     0.532000         39.810708
     0.544000         41.686939
     0.557000         43.651582
     0.568000         45.708815
     0.579000         47.863003
     0.590000         50.118715
     0.600000         52.480735
     0.610000         54.954089
     0.619000         57.543992
     0.627000         60.255955
     0.636000         63.095728
     0.644000         66.069335
     0.651000         69.183083
     0.658000         72.443598
     0.665000         75.857757
     0.672000         79.432819
     0.678000         83.176369
     0.684000         87.096347
     0.689000         91.201067
     0.695000         95.499237
     0.700000         100.00000
