       1.0000000    4.33000e-005
       1.0471285    8.18000e-005
       1.0964782     0.000151000
       1.1481536     0.000272000
       1.2022644     0.000472000
       1.2589254     0.000794000
       1.3182567      0.00130000
       1.3803843      0.00206000
       1.4454398      0.00320000
       1.5135612      0.00487000
       1.5848931      0.00731000
       1.6595869       0.0108000
       1.7378008       0.0159000
       1.8197008       0.0230000
       1.9054607       0.0329000
       1.9952622       0.0466000
       2.0892961       0.0651000
       2.1877616       0.0897000
       2.2908676        0.122000
       2.3988329        0.162000
       2.5118863        0.214000
       2.6302679        0.277000
       2.7542287        0.355000
       2.8840314        0.450000
       3.0199516        0.563000
       3.1622777        0.697000
       3.3113111        0.856000
       3.4673682         1.04000
       3.6307806         1.26000
       3.8018938         1.51000
       3.9810714         1.80000
       4.1686939         2.12000
       4.3651582         2.49000
       4.5708815         2.91000
       4.7863010         3.38000
       5.0118722         3.89000
       5.2480742         4.46000
       5.4954089         5.08000
       5.7543992         5.75000
       6.0255955         6.48000
       6.3095728         7.25000
       6.6069344         8.08000
       6.9183093         8.94000
       7.2443588         9.85000
       7.5857757         10.8000
       7.9432819         11.8000
       8.3176369         12.8000
       8.7096359         13.8000
       9.1201079         14.9000
       9.5499250         15.9000
       10.000000         17.0000
       10.471285         18.1000
       10.964781         19.2000
       11.481535         20.3000
       12.022642         21.4000
       12.589255         22.4000
       13.182568         23.4000
       13.803842         24.3000
       14.454397         25.3000
       15.135611         26.2000
       15.848929         27.1000
       16.595870         27.9000
       17.378009         28.8000
       18.197008         29.8000
       19.054606         30.7000
       19.952621         31.7000
       20.892958         32.8000
       21.877612         33.9000
       22.908677         35.1000
       23.988329         36.3000
       25.118863         37.6000
       26.302677         38.9000
       27.542283         40.3000
       28.840310         41.8000
       30.199519         43.3000
       31.622777         44.8000
       33.113111         46.4000
       34.673682         48.0000
       36.307801         49.7000
       38.018933         51.3000
       39.810708         53.0000
       41.686939         54.7000
       43.651582         56.3000
       45.708815         58.0000
       47.863003         59.6000
       50.118715         61.2000
       52.480735         62.8000
       54.954089         64.3000
       57.543992         65.8000
       60.255955         67.2000
       63.095728         68.5000
       66.069335         69.8000
       69.183083         71.0000
       72.443598         72.1000
       75.857757         73.1000
       79.432819         74.0000
       83.176369         74.9000
       87.096347         75.7000
       91.201067         76.4000
       95.499237         77.0000
       100.00000         77.6000
