 1.63000e-006         1.0000000
 2.49000e-006         1.0471285
 3.74000e-006         1.0964782
 5.54000e-006         1.1481536
 8.14000e-006         1.2022644
 1.19000e-005         1.2589254
 1.74000e-005         1.3182567
 2.54000e-005         1.3803843
 3.70000e-005         1.4454398
 5.36000e-005         1.5135612
 7.70000e-005         1.5848931
  0.000109000         1.6595869
  0.000151000         1.7378008
  0.000206000         1.8197008
  0.000273000         1.9054607
  0.000355000         1.9952622
  0.000453000         2.0892961
  0.000571000         2.1877616
  0.000712000         2.2908676
  0.000882000         2.3988329
   0.00109000         2.5118863
   0.00133000         2.6302679
   0.00162000         2.7542287
   0.00195000         2.8840314
   0.00233000         3.0199516
   0.00277000         3.1622777
   0.00326000         3.3113111
   0.00381000         3.4673682
   0.00443000         3.6307806
   0.00512000         3.8018938
   0.00590000         3.9810714
   0.00677000         4.1686939
   0.00773000         4.3651582
   0.00881000         4.5708815
    0.0100000         4.7863010
    0.0113000         5.0118722
    0.0128000         5.2480742
    0.0145000         5.4954089
    0.0164000         5.7543992
    0.0184000         6.0255955
    0.0207000         6.3095728
    0.0232000         6.6069344
    0.0261000         6.9183093
    0.0291000         7.2443588
    0.0325000         7.5857757
    0.0363000         7.9432819
    0.0403000         8.3176369
    0.0448000         8.7096359
    0.0497000         9.1201079
    0.0551000         9.5499250
    0.0611000         10.000000
    0.0678000         10.471285
    0.0753000         10.964781
    0.0837000         11.481535
    0.0933000         12.022642
     0.104000         12.589255
     0.117000         13.182568
     0.130000         13.803842
     0.145000         14.454397
     0.162000         15.135611
     0.179000         15.848929
     0.198000         16.595870
     0.217000         17.378009
     0.236000         18.197008
     0.256000         19.054606
     0.276000         19.952621
     0.296000         20.892958
     0.316000         21.877612
     0.336000         22.908677
     0.356000         23.988329
     0.375000         25.118863
     0.393000         26.302677
     0.412000         27.542283
     0.429000         28.840310
     0.446000         30.199519
     0.462000         31.622777
     0.478000         33.113111
     0.493000         34.673682
     0.508000         36.307801
     0.522000         38.018933
     0.535000         39.810708
     0.548000         41.686939
     0.560000         43.651582
     0.572000         45.708815
     0.583000         47.863003
     0.594000         50.118715
     0.604000         52.480735
     0.614000         54.954089
     0.623000         57.543992
     0.632000         60.255955
     0.640000         63.095728
     0.648000         66.069335
     0.656000         69.183083
     0.663000         72.443598
     0.670000         75.857757
     0.677000         79.432819
     0.683000         83.176369
     0.689000         87.096347
     0.695000         91.201067
     0.700000         95.499237
     0.706000         100.00000
