       1.0000000    5.40000e-005
       1.0471285     0.000101000
       1.0964782     0.000183000
       1.1481536     0.000326000
       1.2022644     0.000561000
       1.2589254     0.000936000
       1.3182567      0.00152000
       1.3803843      0.00240000
       1.4454398      0.00370000
       1.5135612      0.00561000
       1.5848931      0.00837000
       1.6595869       0.0123000
       1.7378008       0.0180000
       1.8197008       0.0259000
       1.9054607       0.0370000
       1.9952622       0.0521000
       2.0892961       0.0724000
       2.1877616       0.0994000
       2.2908676        0.134000
       2.3988329        0.179000
       2.5118863        0.235000
       2.6302679        0.304000
       2.7542287        0.388000
       2.8840314        0.490000
       3.0199516        0.611000
       3.1622777        0.756000
       3.3113111        0.926000
       3.4673682         1.12000
       3.6307806         1.36000
       3.8018938         1.62000
       3.9810714         1.93000
       4.1686939         2.27000
       4.3651582         2.66000
       4.5708815         3.10000
       4.7863010         3.59000
       5.0118722         4.13000
       5.2480742         4.73000
       5.4954089         5.37000
       5.7543992         6.07000
       6.0255955         6.83000
       6.3095728         7.63000
       6.6069344         8.48000
       6.9183093         9.38000
       7.2443588         10.3000
       7.5857757         11.3000
       7.9432819         12.3000
       8.3176369         13.3000
       8.7096359         14.3000
       9.1201079         15.4000
       9.5499250         16.5000
       10.000000         17.6000
       10.471285         18.7000
       10.964781         19.8000
       11.481535         20.9000
       12.022642         21.9000
       12.589255         23.0000
       13.182568         23.9000
       13.803842         24.9000
       14.454397         25.8000
       15.135611         26.6000
       15.848929         27.5000
       16.595870         28.3000
       17.378009         29.1000
       18.197008         30.0000
       19.054606         30.9000
       19.952621         31.9000
       20.892958         32.9000
       21.877612         34.0000
       22.908677         35.1000
       23.988329         36.3000
       25.118863         37.5000
       26.302677         38.8000
       27.542283         40.2000
       28.840310         41.6000
       30.199519         43.0000
       31.622777         44.5000
       33.113111         46.0000
       34.673682         47.6000
       36.307801         49.2000
       38.018933         50.8000
       39.810708         52.4000
       41.686939         54.0000
       43.651582         55.7000
       45.708815         57.3000
       47.863003         58.9000
       50.118715         60.4000
       52.480735         61.9000
       54.954089         63.4000
       57.543992         64.8000
       60.255955         66.2000
       63.095728         67.5000
       66.069335         68.7000
       69.183083         69.9000
       72.443598         71.0000
       75.857757         72.0000
       79.432819         72.9000
       83.176369         73.7000
       87.096347         74.5000
       91.201067         75.2000
       95.499237         75.8000
       100.00000         76.3000
