       1.0000000    6.27000e-005
       1.0471285     0.000115000
       1.0964782     0.000209000
       1.1481536     0.000368000
       1.2022644     0.000629000
       1.2589254      0.00105000
       1.3182567      0.00169000
       1.3803843      0.00265000
       1.4454398      0.00408000
       1.5135612      0.00616000
       1.5848931      0.00917000
       1.6595869       0.0135000
       1.7378008       0.0195000
       1.8197008       0.0281000
       1.9054607       0.0399000
       1.9952622       0.0561000
       2.0892961       0.0778000
       2.1877616        0.106000
       2.2908676        0.143000
       2.3988329        0.191000
       2.5118863        0.250000
       2.6302679        0.323000
       2.7542287        0.411000
       2.8840314        0.518000
       3.0199516        0.646000
       3.1622777        0.798000
       3.3113111        0.976000
       3.4673682         1.18000
       3.6307806         1.42000
       3.8018938         1.70000
       3.9810714         2.02000
       4.1686939         2.38000
       4.3651582         2.79000
       4.5708815         3.24000
       4.7863010         3.75000
       5.0118722         4.30000
       5.2480742         4.92000
       5.4954089         5.58000
       5.7543992         6.30000
       6.0255955         7.07000
       6.3095728         7.90000
       6.6069344         8.77000
       6.9183093         9.68000
       7.2443588         10.6000
       7.5857757         11.6000
       7.9432819         12.6000
       8.3176369         13.7000
       8.7096359         14.7000
       9.1201079         15.8000
       9.5499250         16.9000
       10.000000         18.0000
       10.471285         19.1000
       10.964781         20.2000
       11.481535         21.3000
       12.022642         22.3000
       12.589255         23.4000
       13.182568         24.3000
       13.803842         25.2000
       14.454397         26.1000
       15.135611         26.9000
       15.848929         27.7000
       16.595870         28.5000
       17.378009         29.4000
       18.197008         30.2000
       19.054606         31.1000
       19.952621         32.0000
       20.892958         33.0000
       21.877612         34.0000
       22.908677         35.1000
       23.988329         36.2000
       25.118863         37.4000
       26.302677         38.7000
       27.542283         40.0000
       28.840310         41.4000
       30.199519         42.8000
       31.622777         44.3000
       33.113111         45.8000
       34.673682         47.3000
       36.307801         48.9000
       38.018933         50.5000
       39.810708         52.0000
       41.686939         53.6000
       43.651582         55.2000
       45.708815         56.8000
       47.863003         58.4000
       50.118715         59.9000
       52.480735         61.4000
       54.954089         62.8000
       57.543992         64.2000
       60.255955         65.6000
       63.095728         66.9000
       66.069335         68.1000
       69.183083         69.2000
       72.443598         70.3000
       75.857757         71.2000
       79.432819         72.1000
       83.176369         73.0000
       87.096347         73.7000
       91.201067         74.4000
       95.499237         75.0000
       100.00000         75.5000
