 3.00000e-006         1.0000000
 4.39000e-006         1.0471285
 6.33000e-006         1.0964782
 9.04000e-006         1.1481536
 1.29000e-005         1.2022644
 1.84000e-005         1.2589254
 2.63000e-005         1.3182567
 3.76000e-005         1.3803843
 5.38000e-005         1.4454398
 7.67000e-005         1.5135612
  0.000109000         1.5848931
  0.000152000         1.6595869
  0.000208000         1.7378008
  0.000278000         1.8197008
  0.000365000         1.9054607
  0.000468000         1.9952622
  0.000590000         2.0892961
  0.000735000         2.1877616
  0.000907000         2.2908676
   0.00111000         2.3988329
   0.00136000         2.5118863
   0.00165000         2.6302679
   0.00198000         2.7542287
   0.00238000         2.8840314
   0.00282000         3.0199516
   0.00333000         3.1622777
   0.00389000         3.3113111
   0.00452000         3.4673682
   0.00523000         3.6307806
   0.00601000         3.8018938
   0.00688000         3.9810714
   0.00785000         4.1686939
   0.00892000         4.3651582
    0.0101000         4.5708815
    0.0114000         4.7863010
    0.0129000         5.0118722
    0.0145000         5.2480742
    0.0163000         5.4954089
    0.0183000         5.7543992
    0.0205000         6.0255955
    0.0230000         6.3095728
    0.0257000         6.6069344
    0.0287000         6.9183093
    0.0319000         7.2443588
    0.0355000         7.5857757
    0.0394000         7.9432819
    0.0437000         8.3176369
    0.0483000         8.7096359
    0.0535000         9.1201079
    0.0591000         9.5499250
    0.0652000         10.000000
    0.0721000         10.471285
    0.0797000         10.964781
    0.0884000         11.481535
    0.0981000         12.022642
     0.109000         12.589255
     0.121000         13.182568
     0.135000         13.803842
     0.150000         14.454397
     0.166000         15.135611
     0.183000         15.848929
     0.201000         16.595870
     0.219000         17.378009
     0.238000         18.197008
     0.257000         19.054606
     0.277000         19.952621
     0.296000         20.892958
     0.315000         21.877612
     0.333000         22.908677
     0.352000         23.988329
     0.370000         25.118863
     0.387000         26.302677
     0.404000         27.542283
     0.421000         28.840310
     0.436000         30.199519
     0.452000         31.622777
     0.466000         33.113111
     0.480000         34.673682
     0.494000         36.307801
     0.507000         38.018933
     0.519000         39.810708
     0.531000         41.686939
     0.543000         43.651582
     0.553000         45.708815
     0.564000         47.863003
     0.574000         50.118715
     0.583000         52.480735
     0.592000         54.954089
     0.601000         57.543992
     0.609000         60.255955
     0.617000         63.095728
     0.624000         66.069335
     0.631000         69.183083
     0.638000         72.443598
     0.644000         75.857757
     0.650000         79.432819
     0.656000         83.176369
     0.662000         87.096347
     0.667000         91.201067
     0.672000         95.499237
     0.677000         100.00000
