 2.21000e-006         1.0000000
 3.29000e-006         1.0471285
 4.82000e-006         1.0964782
 6.98000e-006         1.1481536
 1.01000e-005         1.2022644
 1.45000e-005         1.2589254
 2.09000e-005         1.3182567
 3.02000e-005         1.3803843
 4.35000e-005         1.4454398
 6.25000e-005         1.5135612
 8.90000e-005         1.5848931
  0.000125000         1.6595869
  0.000173000         1.7378008
  0.000233000         1.8197008
  0.000307000         1.9054607
  0.000396000         1.9952622
  0.000503000         2.0892961
  0.000630000         2.1877616
  0.000781000         2.2908676
  0.000963000         2.3988329
   0.00118000         2.5118863
   0.00144000         2.6302679
   0.00174000         2.7542287
   0.00210000         2.8840314
   0.00250000         3.0199516
   0.00296000         3.1622777
   0.00347000         3.3113111
   0.00405000         3.4673682
   0.00469000         3.6307806
   0.00542000         3.8018938
   0.00622000         3.9810714
   0.00712000         4.1686939
   0.00812000         4.3651582
   0.00924000         4.5708815
    0.0105000         4.7863010
    0.0119000         5.0118722
    0.0134000         5.2480742
    0.0151000         5.4954089
    0.0170000         5.7543992
    0.0191000         6.0255955
    0.0215000         6.3095728
    0.0241000         6.6069344
    0.0269000         6.9183093
    0.0301000         7.2443588
    0.0335000         7.5857757
    0.0373000         7.9432819
    0.0414000         8.3176369
    0.0460000         8.7096359
    0.0510000         9.1201079
    0.0564000         9.5499250
    0.0625000         10.000000
    0.0692000         10.471285
    0.0767000         10.964781
    0.0852000         11.481535
    0.0949000         12.022642
     0.106000         12.589255
     0.118000         13.182568
     0.132000         13.803842
     0.147000         14.454397
     0.163000         15.135611
     0.180000         15.848929
     0.198000         16.595870
     0.217000         17.378009
     0.236000         18.197008
     0.256000         19.054606
     0.275000         19.952621
     0.295000         20.892958
     0.315000         21.877612
     0.334000         22.908677
     0.353000         23.988329
     0.372000         25.118863
     0.390000         26.302677
     0.407000         27.542283
     0.424000         28.840310
     0.441000         30.199519
     0.457000         31.622777
     0.472000         33.113111
     0.487000         34.673682
     0.501000         36.307801
     0.514000         38.018933
     0.527000         39.810708
     0.540000         41.686939
     0.552000         43.651582
     0.563000         45.708815
     0.574000         47.863003
     0.584000         50.118715
     0.594000         52.480735
     0.603000         54.954089
     0.612000         57.543992
     0.621000         60.255955
     0.629000         63.095728
     0.637000         66.069335
     0.644000         69.183083
     0.651000         72.443598
     0.658000         75.857757
     0.664000         79.432819
     0.670000         83.176369
     0.676000         87.096347
     0.682000         91.201067
     0.687000         95.499237
     0.692000         100.00000
